1004
1009
1012
1015
1017
1017
1018
1025
1026
1032
1034
1035
1039
1040
1042
1051
1057
1058
1070
1071
1076
1084
1085
1087
1093
1099
1107
1110
1114
1117
1122
1125
1126
1130
1136
1137
1139
1140
1144
1149
1150
1152
1155
1158
1159
1160
1164
1166
1168
1171
1173
1174
1175
1180
1186
1188
1189
1191
1192
1194
1196
1197
1199
1201
1203
1206
1211
1217
1222
1223
1224
1225
1229
1231
1232
1233
1234
1236
1239
1241
1246
1249
1251
1253
1263
1264
1268
1269
1270
1275
1279
1281
1283
1286
1288
1295
1297
1300
1301
1302
1303
1308
1311
1313
1314
1323
1324
1325
1328
1331
1339
1340
1341
1345
1349
1352
1356
1357
1363
1376
1380
1389
1392
1393
1396
1397
1405
1406
1409
1410
1414
1416
1422
1432
1435
1436
1438
1443
1445
1447
1448
1451
1452
1464
1468
1470
1471
1475
1477
1483
1484
1491
1492
1498
1503
1504
1505
1506
